param m:= 2;  # de camiones
param n:= 12; # de clientes
#param nl:= 4;  # de intervalos de tiempo
param t_days:= 5;  # de días
param p_num:= 7;  # de patrones
param D:= 50; # duración máxima del día de trabajo.


	  	  
param tao := 
1 	1
2	1
3	1
4	1
5	1
6	1
7	1
8	1
9	1
10	1
11	1
12	1
13	1
;
	
param e :=
1	0
2	0
3	0
4	0
5	0
6	0
7	0
8	0
9	0
10	0
11	0
12	0
13	0
;

param L := 
2	40
3	40
4	40
5	40
6	40
7	40
8	40
9	40
10	40
11	40
12	40
13	40
;

	
param d:	1	2	3	4	5	6	7	8	9	10	11	12	13	14:=
1	0.00	4.78	3.25	3.82	8.09	9.01	6.48	3.96	5.50	5.03	7.45	3.74	4.00	0.00
2	4.78	0.00	4.42	0.97	7.50	6.79	7.28	1.89	3.29	2.14	4.19	5.39	2.46	4.78
3	3.25	4.42	0.00	3.86	4.83	5.94	3.46	2.61	3.00	3.20	5.00	0.98	2.16	3.25
4	3.82	0.97	3.86	0.00	7.51	7.16	6.99	1.67	3.46	2.38	4.75	4.83	2.23	3.82
5	8.09	7.50	4.83	7.51	0.00	2.81	2.33	5.85	4.23	5.37	4.61	4.49	5.31	8.09
6	9.01	6.79	5.94	7.16	2.81	0.00	4.83	5.67	3.76	4.78	2.80	6.05	5.30	9.01
7	6.48	7.28	3.46	6.99	2.33	4.83	0.00	5.41	4.44	5.38	5.69	2.74	4.83	6.48
8	3.96	1.89	2.61	1.67	5.85	5.67	5.41	0.00	1.91	1.08	3.59	3.55	0.58	3.96
9	5.50	3.29	3.00	3.46	4.23	3.76	4.44	1.91	0.00	1.15	2.03	3.63	1.57	5.50
10	5.03	2.14	3.20	2.38	5.37	4.78	5.38	1.08	1.15	0.00	2.51	4.04	1.12	5.03
11	7.45	4.19	5.00	4.75	4.61	2.80	5.69	3.59	2.03	2.51	0.00	5.55	3.45	7.45
12	3.74	5.39	0.98	4.83	4.49	6.05	2.74	3.55	3.63	4.04	5.55	0.00	3.07	3.74
13	4.00	2.46	2.16	2.23	5.31	5.30	4.83	0.58	1.57	1.12	3.45	3.07	0.00	4.00
14	0.00	4.78	3.25	3.82	8.09	9.01	6.48	3.96	5.50	5.03	7.45	3.74	4.00	0.00
;


      
param a:1	2	3	4	5:=
1	1	0	0	0	0
2	0	1	0	0	0
3	0	0	1	0	0
4	0	0	0	1	0
5	0	0	0	0	1
6	0	1	0	1	0
7	0	0	1	0	1; 

param nv :=
2	1
3	1
4	1
5	1
6	1
7	1
8	1
9	1
10	1
11	1
12	1
13	1;

#SUBCONJUNTOS
set subcl1:=2 3 4 5 6 7 8 9 10 11 12 13;
set subcl2:=;
#Patrones de visita para clientes en subcl2. o sea. con frecuencia 2 (2 veces por semana). 

set L1:=1 2 3 4 5 ;
set L2:= 6 7; 
# 